PI gains:
P = 0.12607
I = 0.00074